1 0.2615154711673699 0.2199074074074074 0.020218002812939524 0.1388888888888889
1 0.19251054852320676 0.1244212962962963 0.015822784810126583 0.09837962962962964
1 0.3125 0.08391203703703703 0.014943741209563995 0.08680555555555555
1 0.3292018284106892 0.031828703703703706 0.01670182841068917 0.06365740740740741
1 0.2685478199718706 0.02025462962962963 0.01670182841068917 0.04050925925925926
1 0.877725035161744 0.2633101851851852 0.018459915611814346 0.12152777777777778
1 0.8531118143459916 0.24305555555555555 0.01670182841068917 0.06944444444444445
1 0.8504746835443038 0.13020833333333334 0.02549226441631505 0.15625
1 0.5392932489451476 0.10127314814814815 0.013185654008438819 0.08680555555555555
2 0.05186357243319269 0.04050925925925926 0.03691983122362869 0.08101851851851852
0 0.22239803094233473 0.07233796296296297 0.019338959212376935 0.1099537037037037
0 0.290084388185654 0.12731481481481483 0.014064697609001406 0.11574074074074074
0 0.2474507735583685 0.04050925925925926 0.013185654008438819 0.08101851851851852
0 0.8728902953586498 0.06944444444444445 0.015822784810126583 0.1388888888888889
0 0.5305028129395218 0.06076388888888889 0.009669479606188467 0.08680555555555555
0 0.5454465541490858 0.12731481481481483 0.009669479606188467 0.10416666666666667