2 0.7260069444444445 0.2567283950617284 0.2735648148148148 0.4433179012345679
2 0.8812037037037037 0.24691358024691357 0.22832175925925927 0.37037037037037035
2 0.9550694444444444 0.8024691358024691 0.08986111111111111 0.16834876543209876
2 0.8833101851851851 0.7631944444444445 0.05997685185185185 0.09820987654320988
2 0.6392013888888889 0.7989660493827161 0.1146875 0.18378086419753087
2 0.4655902777777778 0.8396450617283951 0.18202546296296299 0.24270061728395062
2 0.22253472222222223 0.568179012345679 0.11258101851851851 0.21604938271604937
2 0.15677083333333333 0.5211882716049383 0.1052199074074074 0.15291666666666667
2 0.056296296296296296 0.4889197530864197 0.05997685185185185 0.1472993827160494
2 0.43297453703703703 0.30373456790123454 0.3019791666666667 0.5934413580246913
2 0.2104398148148148 0.8719135802469136 0.05892361111111111 0.06313271604938271
2 0.13258101851851853 0.8606944444444444 0.05260416666666667 0.06313271604938271