0 0.5994405864197531 0.4963991769547325 0.23630401234567902 0.44238683127572015
0 0.4402970679012346 0.39351851851851855 0.05304783950617284 0.10545267489711935
0 0.40557484567901236 0.3800154320987654 0.051118827160493825 0.08616255144032922
0 0.37808641975308643 0.4513888888888889 0.030864197530864196 0.08487654320987655
0 0.46585648148148145 0.4732510288065844 0.02700617283950617 0.09259259259259259
0 0.4287229938271605 0.4841820987654321 0.03375771604938271 0.09645061728395062
0 0.4026813271604938 0.46875 0.02797067901234568 0.08616255144032922
0 0.5348186728395061 0.34272119341563784 0.03375771604938271 0.09387860082304526
0 0.5613425925925926 0.35300925925925924 0.03279320987654321 0.08616255144032922
0 0.5377121913580247 0.4102366255144033 0.024112654320987654 0.046296296296296294
0 0.5637538580246914 0.42052469135802467 0.029899691358024692 0.05401234567901234
1 0.2816358024691358 0.4861111111111111 0.04436728395061729 0.056584362139917695
1 0.3052662037037037 0.4398148148148148 0.06076388888888889 0.0823045267489712
1 0.33275462962962965 0.45460390946502055 0.052083333333333336 0.07073045267489712
1 0.3014081790123457 0.5015432098765432 0.04918981481481482 0.05915637860082305
1 0.33130787037037035 0.522119341563786 0.0626929012345679 0.06172839506172839
1 0.37905092592592593 0.5041152263374485 0.06172839506172839 0.06944444444444445
1 0.4697145061728395 0.3948045267489712 0.052083333333333336 0.06172839506172839
1 0.5034722222222222 0.40766460905349794 0.06172839506172839 0.06430041152263374
1 0.5054012345679012 0.4655349794238683 0.05015432098765432 0.051440329218107
1 0.5406057098765432 0.4533179012345679 0.043402777777777776 0.045010288065843625