0 0.5121527777777778 0.5555555555555556 0.16010802469135801 0.2803497942386831
0 0.4103973765432099 0.363940329218107 0.05304783950617284 0.09773662551440329
0 0.38483796296296297 0.36651234567901236 0.030864197530864196 0.09002057613168725
0 0.36651234567901236 0.4494598765432099 0.023148148148148147 0.06815843621399177
0 0.3833912037037037 0.45781893004115226 0.01832561728395062 0.0823045267489712
0 0.39641203703703703 0.4494598765432099 0.030864197530864196 0.06044238683127572
0 0.4398148148148148 0.4494598765432099 0.03279320987654321 0.09130658436213991
0 0.5680941358024691 0.3369341563786008 0.06944444444444445 0.0874485596707819
0 0.5994405864197531 0.41087962962962965 0.02797067901234568 0.07844650205761317
0 0.6129436728395061 0.39737654320987653 0.02797067901234568 0.07458847736625514
0 0.5280671296296297 0.3922325102880658 0.02797067901234568 0.04372427983539095
0 0.5560378086419753 0.4012345679012346 0.026041666666666668 0.048868312757201646
1 0.2951388888888889 0.4275977366255144 0.06365740740740741 0.05787037037037037
1 0.2845293209876543 0.49254115226337447 0.06365740740740741 0.05915637860082305
1 0.3404706790123457 0.4732510288065844 0.06365740740740741 0.0668724279835391
1 0.46392746913580246 0.3864454732510288 0.038580246913580245 0.05529835390946502
1 0.49527391975308643 0.3819444444444444 0.05497685185185185 0.0668724279835391
1 0.48369984567901236 0.4417438271604938 0.051118827160493825 0.045010288065843625
1 0.5232445987654321 0.4308127572016461 0.03375771604938271 0.05401234567901234
1 0.6664737654320988 0.3999485596707819 0.038580246913580245 0.051440329218107
1 0.5738811728395061 0.4140946502057613 0.05401234567901234 0.038580246913580245