0 0.15046296296296297 0.34400720164609055 0.023148148148148147 0.05787037037037037
0 0.16878858024691357 0.3395061728395062 0.023148148148148147 0.056584362139917695
0 0.12827932098765432 0.3999485596707819 0.017361111111111112 0.05915637860082305
0 0.1519097222222222 0.4012345679012346 0.026041666666666668 0.06172839506172839
0 0.1697530864197531 0.3967335390946502 0.021219135802469136 0.06815843621399177
0 0.18277391975308643 0.37358539094650206 0.01253858024691358 0.029578189300411523
0 0.07233796296296297 0.3523662551440329 0.02507716049382716 0.048868312757201646
0 0.0390625 0.3986625514403292 0.022183641975308643 0.05401234567901234
0 0.07474922839506173 0.3993055555555556 0.016396604938271605 0.03215020576131687
1 0.3578317901234568 0.2044753086419753 0.05401234567901234 0.06172839506172839
1 0.11959876543209877 0.36522633744855965 0.034722222222222224 0.038580246913580245
1 0.013020833333333334 0.37808641975308643 0.026041666666666668 0.0360082304526749
1 0.03375771604938271 0.40959362139917693 0.023148148148148147 0.03986625514403292
1 0.01253858024691358 0.4102366255144033 0.02507716049382716 0.048868312757201646