1 0.5632716049382716 0.4944701646090535 0.04436728395061729 0.02700617283950617
1 0.6968557098765432 0.5806327160493827 0.02797067901234568 0.034722222222222224
1 0.6809413580246914 0.5414094650205762 0.02507716049382716 0.028292181069958847
1 0.9437692901234568 0.583204732510288 0.03568672839506173 0.03729423868312757
1 0.9717399691358025 0.5433384773662552 0.016396604938271605 0.024434156378600823
0 0.8169367283950617 0.5787037037037037 0.030864197530864196 0.048868312757201646
0 0.8757716049382716 0.5381944444444444 0.021219135802469136 0.03729423868312757
0 0.777391975308642 0.5401234567901234 0.021219135802469136 0.03343621399176955
0 0.7913773148148148 0.49189814814814814 0.01253858024691358 0.014146090534979424
0 0.7701581790123457 0.4912551440329218 0.01832561728395062 0.015432098765432098
0 0.7479745370370371 0.4906121399176955 0.014467592592592593 0.016718106995884774
0 0.5401234567901234 0.4539609053497942 0.013503086419753086 0.01800411522633745
0 0.5333719135802469 0.47260802469135804 0.011574074074074073 0.021862139917695474
0 0.5584490740740741 0.4719650205761317 0.013503086419753086 0.023148148148148147
0 0.543016975308642 0.4713220164609053 0.009645061728395061 0.016718106995884774