0 0.2300347222222222 0.22569444444444445 0.058834876543209874 0.06044238683127572
0 0.1900077160493827 0.06944444444444445 0.02507716049382716 0.046296296296296294
0 0.20688657407407407 0.06944444444444445 0.02797067901234568 0.04372427983539095
0 0.21363811728395063 0.11638374485596707 0.024112654320987654 0.05529835390946502
0 0.19675925925925927 0.10866769547325103 0.013503086419753086 0.04758230452674897
0 0.17939814814814814 0.10738168724279835 0.015432098765432098 0.05015432098765432
0 0.12972608024691357 0.07008744855967078 0.02025462962962963 0.03986625514403292
1 0.34481095679012347 0.024434156378600823 0.043402777777777776 0.048868312757201646
1 0.04822530864197531 0.10159465020576132 0.034722222222222224 0.038580246913580245
1 0.05690586419753087 0.13953189300411523 0.030864197530864196 0.03729423868312757
1 0.09693287037037036 0.12667181069958847 0.022183641975308643 0.03729423868312757
1 0.16203703703703703 0.12345679012345678 0.02507716049382716 0.04372427983539095
1 0.15480324074074073 0.0893775720164609 0.026041666666666668 0.034722222222222224