1 0.07233796296296297 0.6359310699588477 0.14467592592592593 0.20704732510288065
1 0.6592399691358025 0.06622942386831275 0.078125 0.06815843621399177
1 0.5825617283950617 0.08294753086419752 0.038580246913580245 0.05787037037037037
1 0.48562885802469136 0.05787037037037037 0.051118827160493825 0.038580246913580245
1 0.3414351851851852 0.0874485596707819 0.034722222222222224 0.023148148148148147
1 0.2830825617283951 0.09837962962962964 0.04147376543209876 0.02700617283950617
0 0.45717592592592593 0.4166666666666667 0.10802469135802469 0.10545267489711935
0 0.427758487654321 0.08359053497942387 0.03568672839506173 0.056584362139917695
0 0.5463927469135802 0.07330246913580248 0.03568672839506173 0.0823045267489712
0 0.5917245370370371 0.04243827160493827 0.02025462962962963 0.038580246913580245
0 0.3843557098765432 0.08616255144032922 0.04147376543209876 0.0668724279835391
2 0.6505594135802469 0.6916152263374485 0.6317515432098766 0.6167695473251029