0 0.04774305555555555 0.19418724279835392 0.0954861111111111 0.16203703703703703
0 0.17505787037037038 0.2732767489711934 0.06847993827160494 0.12217078189300412
0 0.23051697530864199 0.5066872427983539 0.1408179012345679 0.2366255144032922
0 0.2787422839506173 0.6352880658436214 0.09259259259259259 0.12345679012345678
0 0.7330246913580247 0.5375514403292181 0.12345679012345678 0.22890946502057613
0 0.6544174382716049 0.6179269547325102 0.031828703703703706 0.07844650205761317
0 0.40846836419753085 0.18261316872427982 0.026041666666666668 0.051440329218107
0 0.5135995370370371 0.1511059670781893 0.02025462962962963 0.03986625514403292
0 0.4214891975308642 0.14210390946502058 0.021219135802469136 0.03986625514403292
0 0.44319058641975306 0.09387860082304526 0.008680555555555556 0.015432098765432098
0 0.46489197530864196 0.09773662551440329 0.013503086419753086 0.01800411522633745
0 0.4851466049382716 0.09837962962962964 0.009645061728395061 0.014146090534979424
0 0.2589699074074074 0.04050925925925926 0.01253858024691358 0.021862139917695474
0 0.2527006172839506 0.05594135802469136 0.011574074074074073 0.016718106995884774
0 0.28742283950617287 0.05915637860082305 0.007716049382716049 0.023148148148148147
0 0.27295524691358025 0.059799382716049385 0.009645061728395061 0.019290123456790122
0 0.25993441358024694 0.05529835390946502 0.006751543209876543 0.0205761316872428
2 0.26427469135802467 0.08166152263374486 0.05787037037037037 0.021862139917695474
1 0.5025077160493827 0.5060442386831275 0.17554012345679013 0.24305555555555555
1 0.28935185185185186 0.17811213991769548 0.030864197530864196 0.03729423868312757
1 0.32503858024691357 0.1388888888888889 0.023148148148148147 0.030864197530864196
1 0.5271026234567902 0.19675925925925927 0.02797067901234568 0.0360082304526749
1 0.6061921296296297 0.15946502057613168 0.022183641975308643 0.028292181069958847
1 0.6438078703703703 0.20640432098765432 0.026041666666666668 0.034722222222222224