1 0.6925154320987654 0.42502572016460904 0.03279320987654321 0.03986625514403292
1 0.6896219135802469 0.38387345679012347 0.023148148148148147 0.02700617283950617
1 0.9466628086419753 0.4346707818930041 0.039544753086419755 0.046296296296296294
1 0.9899691358024691 0.39030349794238683 0.020061728395061727 0.03215020576131687
0 0.8145254629629629 0.42502572016460904 0.026041666666666668 0.04758230452674897
0 0.8878279320987654 0.3845164609053498 0.02025462962962963 0.0411522633744856
0 0.785108024691358 0.38387345679012347 0.023148148148148147 0.04243827160493827
0 0.7716049382716049 0.33564814814814814 0.013503086419753086 0.0205761316872428
0 0.7961998456790124 0.33371913580246915 0.010609567901234568 0.016718106995884774
0 0.8140432098765432 0.3350051440329218 0.011574074074074073 0.016718106995884774
0 0.5714699074074074 0.3022119341563786 0.01253858024691358 0.01800411522633745
0 0.5849729938271605 0.3157150205761317 0.008680555555555556 0.021862139917695474
0 0.5656828703703703 0.31828703703703703 0.008680555555555556 0.019290123456790122
0 0.5748456790123457 0.32085905349794236 0.009645061728395061 0.016718106995884774
2 0.5922067901234568 0.3382201646090535 0.052083333333333336 0.01800411522633745