0 0.39834104938271603 0.4565329218106996 0.25848765432098764 0.43209876543209874
0 0.6843171296296297 0.09452160493827161 0.02797067901234568 0.06815843621399177
0 0.7581018518518519 0.09323559670781893 0.023148148148148147 0.06301440329218107
0 0.6187307098765432 0.1716820987654321 0.05497685185185185 0.05015432098765432
0 0.5984760802469136 0.14917695473251028 0.026041666666666668 0.06944444444444445
0 0.5690586419753086 0.1511059670781893 0.038580246913580245 0.07844650205761317
1 0.3940007716049383 0.4411008230452675 0.20736882716049382 0.2700617283950617
1 0.6143904320987654 0.4655349794238683 0.21219135802469136 0.2829218106995885
1 0.660204475308642 0.4089506172839506 0.1880787037037037 0.23405349794238683
1 0.9822530864197531 0.021862139917695474 0.035493827160493825 0.04372427983539095
1 0.7359182098765432 0.10159465020576132 0.017361111111111112 0.023148148148148147
1 0.7137345679012346 0.10030864197530864 0.021219135802469136 0.023148148148148147
1 0.7228973765432098 0.12602880658436214 0.02025462962962963 0.0205761316872428
2 0.8862847222222222 0.1871141975308642 0.22743055555555555 0.11445473251028807