0 0.6013695987654321 0.5369084362139918 0.022183641975308643 0.052726337448559674
0 0.5565200617283951 0.5349794238683128 0.02700617283950617 0.051440329218107
0 0.4981674382716049 0.5304783950617284 0.031828703703703706 0.06044238683127572
0 0.1953125 0.40444958847736623 0.02025462962962963 0.029578189300411523
0 0.25655864197530864 0.40316358024691357 0.019290123456790122 0.03215020576131687
0 0.28935185185185186 0.4314557613168724 0.015432098765432098 0.03215020576131687
0 0.2787422839506173 0.42824074074074076 0.011574074074074073 0.028292181069958847
0 0.26861496913580246 0.43016975308641975 0.010609567901234568 0.03729423868312757
0 0.25945216049382713 0.4314557613168724 0.011574074074074073 0.03729423868312757
0 0.2435378086419753 0.4340277777777778 0.010609567901234568 0.034722222222222224
0 0.1880787037037037 0.43274176954732513 0.015432098765432098 0.02700617283950617
0 0.20302854938271606 0.4346707818930041 0.008680555555555556 0.03343621399176955
2 0.17698688271604937 0.49189814814814814 0.12827932098765432 0.05015432098765432
1 0.1605902777777778 0.4308127572016461 0.031828703703703706 0.030864197530864196
1 0.22280092592592593 0.4359567901234568 0.02700617283950617 0.028292181069958847
1 0.3052662037037037 0.4308127572016461 0.016396604938271605 0.028292181069958847