0 0.3428819444444444 0.5227623456790124 0.2961033950617284 0.6365740740740741
0 0.5772569444444444 0.2694187242798354 0.04918981481481482 0.10931069958847736
0 0.6100501543209876 0.2816358024691358 0.05690586419753087 0.10545267489711935
0 0.7151813271604939 0.257201646090535 0.03568672839506173 0.08487654320987655
0 0.7474922839506173 0.2694187242798354 0.05594135802469136 0.07330246913580248
0 0.740258487654321 0.36586934156378603 0.031828703703703706 0.07844650205761317
0 0.7663001543209876 0.33371913580246915 0.031828703703703706 0.07587448559670781
0 0.7354359567901234 0.32857510288065844 0.029899691358024692 0.05529835390946502
0 0.7098765432098766 0.3170010288065844 0.028935185185185185 0.05787037037037037
0 0.6356095679012346 0.38065843621399176 0.04050925925925926 0.09773662551440329
0 0.5965470679012346 0.38515946502057613 0.039544753086419755 0.10673868312757202
0 0.5733989197530864 0.36136831275720166 0.024112654320987654 0.0874485596707819
0 0.5492862654320988 0.32857510288065844 0.031828703703703706 0.07330246913580248
1 0.4783950617283951 0.314429012345679 0.06751543209876543 0.07073045267489712
1 0.45090663580246915 0.36072530864197533 0.04918981481481482 0.06301440329218107
1 0.5068479938271605 0.33564814814814814 0.05497685185185185 0.07716049382716049
1 0.4721257716049383 0.3813014403292181 0.039544753086419755 0.05529835390946502
1 0.5025077160493827 0.4018775720164609 0.059799382716049385 0.06815843621399177
1 0.5425347222222222 0.38387345679012347 0.05690586419753087 0.06044238683127572
1 0.6442901234567902 0.28870884773662553 0.05015432098765432 0.06044238683127572
1 0.6732253086419753 0.3054269547325103 0.059799382716049385 0.06301440329218107
1 0.6727430555555556 0.37165637860082307 0.05497685185185185 0.07458847736625514
1 0.7142168209876543 0.3645833333333333 0.043402777777777776 0.06044238683127572
1 0.7581018518518519 0.38323045267489714 0.03279320987654321 0.038580246913580245
1 0.8193479938271605 0.3626543209876543 0.043402777777777776 0.028292181069958847