1 0.15673225308641975 0.4269547325102881 0.047260802469135804 0.05915637860082305
1 0.5521797839506173 0.22890946502057613 0.03761574074074074 0.0411522633744856
1 0.3370949074074074 0.25977366255144035 0.026041666666666668 0.028292181069958847
1 0.33661265432098764 0.28742283950617287 0.023148148148148147 0.02700617283950617
1 0.36506558641975306 0.28099279835390945 0.014467592592592593 0.021862139917695474
1 0.4123263888888889 0.26170267489711935 0.024112654320987654 0.024434156378600823
0 0.13117283950617284 0.40573559670781895 0.03665123456790124 0.07844650205761317
0 0.4296875 0.2501286008230453 0.02025462962962963 0.03986625514403292
0 0.4480131172839506 0.2507716049382716 0.01832561728395062 0.030864197530864196
0 0.42052469135802467 0.2803497942386831 0.015432098765432098 0.038580246913580245
0 0.43451003086419754 0.2899948559670782 0.008680555555555556 0.04758230452674897
0 0.44994212962962965 0.28613683127572015 0.01832561728395062 0.03986625514403292
0 0.3819444444444444 0.2700617283950617 0.013503086419753086 0.0360082304526749