2 0.11043595679012345 0.5079732510288066 0.05304783950617284 0.0257201646090535
1 0.26089891975308643 0.5960648148148148 0.026041666666666668 0.03729423868312757
1 0.06606867283950617 0.4783950617283951 0.01253858024691358 0.015432098765432098
1 0.06847993827160494 0.4976851851851852 0.015432098765432098 0.01800411522633745
1 0.4832175925925926 0.569701646090535 0.023148148148148147 0.030864197530864196
1 0.5020254629629629 0.525977366255144 0.02025462962962963 0.0257201646090535
1 0.5777391975308642 0.5581275720164609 0.02700617283950617 0.03343621399176955
1 0.7421875 0.7426697530864198 0.05497685185185185 0.06815843621399177
0 0.6524884259259259 0.7536008230452675 0.058834876543209874 0.10030864197530864
0 0.8092206790123457 0.724022633744856 0.05594135802469136 0.09002057613168725
0 0.37905092592592593 0.57934670781893 0.023148148148148147 0.04758230452674897
0 0.4253472222222222 0.5336934156378601 0.019290123456790122 0.0360082304526749
0 0.33998842592592593 0.5426954732510288 0.02025462962962963 0.030864197530864196
0 0.3062307098765432 0.49511316872427985 0.01253858024691358 0.01800411522633745
0 0.3298611111111111 0.49189814814814814 0.011574074074074073 0.014146090534979424
0 0.3472222222222222 0.49189814814814814 0.007716049382716049 0.014146090534979424
0 0.08584104938271606 0.4738940329218107 0.015432098765432098 0.021862139917695474
0 0.031828703703703706 0.4738940329218107 0.017361111111111112 0.019290123456790122
0 0.09886188271604938 0.48675411522633744 0.010609567901234568 0.019290123456790122
0 0.11043595679012345 0.48675411522633744 0.010609567901234568 0.016718106995884774
0 0.07426697530864197 0.48996913580246915 0.009645061728395061 0.01800411522633745
0 0.08969907407407407 0.4880401234567901 0.007716049382716049 0.014146090534979424
0 0.08150077160493827 0.48739711934156377 0.010609567901234568 0.0205761316872428