1 0.6462191358024691 0.3864454732510288 0.02507716049382716 0.03215020576131687
1 0.9095293209876543 0.38323045267489714 0.02700617283950617 0.0257201646090535
1 0.8212770061728395 0.38580246913580246 0.02797067901234568 0.03343621399176955
1 0.8265817901234568 0.3575102880658436 0.019290123456790122 0.023148148148148147
1 0.6100501543209876 0.3568672839506173 0.016396604938271605 0.021862139917695474
1 0.39978780864197533 0.3099279835390947 0.010609567901234568 0.015432098765432098
0 0.7349537037037037 0.3819444444444444 0.023148148148148147 0.0411522633744856
0 0.7566550925925926 0.3542952674897119 0.016396604938271605 0.034722222222222224
0 0.6843171296296297 0.3555812757201646 0.02025462962962963 0.03215020576131687
0 0.6703317901234568 0.3195730452674897 0.009645061728395061 0.019290123456790122
0 0.6544174382716049 0.31893004115226337 0.014467592592592593 0.015432098765432098
0 0.6341628086419753 0.32085905349794236 0.01253858024691358 0.019290123456790122
0 0.4402970679012346 0.2880658436213992 0.010609567901234568 0.015432098765432098
0 0.4017168209876543 0.29128086419753085 0.01253858024691358 0.016718106995884774
0 0.46103395061728397 0.30671296296296297 0.009645061728395061 0.011574074074074073
0 0.45090663580246915 0.30671296296296297 0.01253858024691358 0.016718106995884774
0 0.44126157407407407 0.3079989711934156 0.008680555555555556 0.019290123456790122
2 0.470679012345679 0.3221450617283951 0.04243827160493827 0.019290123456790122