0 0.01174321503131524 0.29617537313432835 0.01174321503131524 0.07462686567164178
0 0.014352818371607515 0.2786847014925373 0.009133611691022964 0.07695895522388059
0 0.4997390396659708 0.48157649253731344 0.03001043841336117 0.15625
0 0.5979253653444676 0.5655317164179104 0.03718684759916493 0.17490671641791045
0 0.6090161795407099 0.22271455223880596 0.015005219206680584 0.08162313432835822
0 0.6393528183716075 0.17140858208955223 0.01174321503131524 0.06296641791044776
0 0.6863256784968684 0.18190298507462688 0.01174321503131524 0.07462686567164178
0 0.673277661795407 0.09911380597014925 0.005219206680584551 0.025652985074626867
0 0.6846946764091858 0.10261194029850747 0.004566805845511482 0.027985074626865673
0 0.6948068893528184 0.10377798507462686 0.006524008350730689 0.025652985074626867
0 0.582267745302714 0.04197761194029851 0.00587160751565762 0.04197761194029851
0 0.601187369519833 0.04081156716417911 0.00587160751565762 0.025652985074626867
0 0.6099947807933194 0.06296641791044776 0.005219206680584551 0.027985074626865673
0 0.596294363256785 0.06296641791044776 0.003914405010438413 0.027985074626865673
0 0.6015135699373695 0.06646455223880597 0.005219206680584551 0.025652985074626867
2 0.5946633611691023 0.08861940298507463 0.02413883089770355 0.03264925373134328
1 0.0293580375782881 0.2728544776119403 0.022181628392484342 0.07929104477611941
1 0.5454070981210856 0.5422108208955224 0.03262004175365345 0.12360074626865672
1 0.5564979123173278 0.20988805970149255 0.01826722338204593 0.055970149253731345
1 0.5927061586638831 0.162080223880597 0.012395615866388309 0.04897388059701493
1 0.668384655532359 0.2355410447761194 0.013700417536534447 0.051305970149253734
1 0.7300365344467641 0.24953358208955223 0.015657620041753653 0.055970149253731345
1 0.7313413361169102 0.18306902985074627 0.01174321503131524 0.044309701492537316
1 0.5907489561586639 0.05830223880597015 0.007176409185803758 0.02332089552238806