0 0.4489715189873418 0.5034722222222222 0.027689873417721517 0.20337301587301587
0 0.3431566455696203 0.5183531746031746 0.03164556962025317 0.21329365079365079
0 0.3209058544303797 0.11408730158730158 0.012856012658227849 0.07936507936507936
0 0.3248615506329114 0.042162698412698416 0.010878164556962026 0.06448412698412699
0 0.36194620253164556 0.044642857142857144 0.011867088607594937 0.07936507936507936
1 0.4005142405063291 0.5282738095238095 0.027689873417721517 0.1636904761904762
1 0.40001977848101267 0.042162698412698416 0.010878164556962026 0.0744047619047619
1 0.4212816455696203 0.11408730158730158 0.017800632911392406 0.07936507936507936
1 0.37232990506329117 0.12400793650793651 0.018789556962025316 0.06944444444444445
1 0.28629351265822783 0.042162698412698416 0.012856012658227849 0.0744047619047619
1 0.2734375 0.11656746031746032 0.016811708860759493 0.0744047619047619