0 0.5663377192982456 0.03045550847457627 0.01206140350877193 0.06091101694915254
0 0.5553728070175439 0.4210805084745763 0.02850877192982456 0.19597457627118645
0 0.4772478070175439 0.3509004237288136 0.025767543859649123 0.16684322033898305
0 0.07510964912280702 0.1721398305084746 0.009868421052631578 0.07415254237288135
0 0.07839912280701754 0.16154661016949154 0.009868421052631578 0.07944915254237288
1 0.5131578947368421 0.4038665254237288 0.02850877192982456 0.12976694915254236
1 0.5227521929824561 0.025158898305084745 0.010416666666666666 0.05031779661016949
1 0.6143092105263158 0.022510593220338982 0.011513157894736841 0.045021186440677964
1 0.6658442982456141 0.0211864406779661 0.012609649122807017 0.0423728813559322
1 0.06634320175438596 0.17478813559322035 0.005471491228070175 0.07415254237288135
1 0.08964912280701755 0.14565677966101695 0.010416666666666666 0.04766949152542373
1 0.08800438596491228 0.17478813559322035 0.008223684210526315 0.0423728813559322
1 0.048530701754385966 0.234375 0.013706140350877192 0.08209745762711865
1 0.012620614035087718 0.2542372881355932 0.010964912280701754 0.04766949152542373
1 0.051820175438596495 0.14433262711864406 0.00712719298245614 0.055614406779661014
1 0.06333333333333334 0.1986228813559322 0.00932017543859649 0.0635593220338983
0 0.05346491228070176 0.09136652542372882 0.011513157894736841 0.08209745762711865
0 0.04606359649122807 0.1204978813559322 0.015350877192982455 0.10328389830508475
0 0.06415570175438597 0.1483050847457627 0.008771929824561403 0.0635593220338983
0 0.05593201754385965 0.20789194915254236 0.013157894736842105 0.0926906779661017