1 0.80535888671875 0.2638888888888889 0.0152587890625 0.05092592592592592
1 0.76629638671875 0.37037037037037035 0.0213623046875 0.06944444444444445
1 0.69000244140625 0.33101851851851855 0.0201416015625 0.07407407407407407
1 0.65185546875 0.19791666666666666 0.01220703125 0.05324074074074074
1 0.58319091796875 0.23842592592592593 0.0152587890625 0.06018518518518518
1 0.1214599609375 0.13541666666666666 0.03173828125 0.11342592592592593
1 0.21331787109375 0.48148148148148145 0.0274658203125 0.09722222222222222
1 0.70068359375 0.07523148148148148 0.00732421875 0.03009259259259259
0 0.0927734375 0.1423611111111111 0.040283203125 0.18287037037037038
0 0.146484375 0.30439814814814814 0.0341796875 0.19212962962962962
0 0.23162841796875 0.42939814814814814 0.0238037109375 0.08564814814814815
0 0.19775390625 0.5555555555555556 0.029296875 0.17592592592592593
0 0.14984130859375 0.08449074074074074 0.0262451171875 0.1412037037037037
0 0.19073486328125 0.20601851851851852 0.0262451171875 0.14351851851851852
0 0.1300048828125 0.05555555555555555 0.00732421875 0.046296296296296294
0 0.13763427734375 0.056712962962962965 0.0067138671875 0.04861111111111111
0 0.631103515625 0.27546296296296297 0.018310546875 0.10185185185185185
0 0.69549560546875 0.21296296296296297 0.0152587890625 0.07407407407407407
0 0.74676513671875 0.23726851851851852 0.0140380859375 0.0763888888888889
0 0.76690673828125 0.13657407407407407 0.0067138671875 0.032407407407407406
0 0.78033447265625 0.1423611111111111 0.0054931640625 0.03009259259259259
0 0.79132080078125 0.14583333333333334 0.0042724609375 0.027777777777777776
0 0.71136474609375 0.05787037037037037 0.0054931640625 0.032407407407407406
0 0.692138671875 0.04976851851851852 0.0048828125 0.02546296296296296
0 0.6890869140625 0.07291666666666667 0.0048828125 0.020833333333333332
0 0.7171630859375 0.0798611111111111 0.003662109375 0.02546296296296296
2 0.6903076171875 0.1076388888888889 0.030517578125 0.03009259259259259