1 0.4730504587155963 0.179443359375 0.01834862385321101 0.08056640625
1 0.18061926605504589 0.0439453125 0.011467889908256881 0.0439453125
1 0.19495412844036697 0.028076171875 0.008027522935779817 0.03662109375
1 0.5088876146788991 0.0244140625 0.012041284403669725 0.0439453125
1 0.5561926605504587 0.064697265625 0.01261467889908257 0.05615234375
1 0.5845756880733946 0.037841796875 0.00974770642201835 0.05615234375
1 0.8552178899082569 0.137939453125 0.017775229357798166 0.05615234375
2 0.24025229357798164 0.0732421875 0.03096330275229358 0.0439453125
0 0.8939220183486238 0.040283203125 0.021788990825688075 0.08056640625
0 0.8764334862385321 0.0146484375 0.014334862385321102 0.029296875
0 0.8506307339449541 0.106201171875 0.013188073394495414 0.06591796875
0 0.8557912844036697 0.19287109375 0.016628440366972478 0.0634765625
0 0.5217889908256881 0.11962890625 0.017201834862385322 0.078125
0 0.47964449541284404 0.057373046875 0.013188073394495414 0.07080078125
0 0.44036697247706424 0.08544921875 0.017201834862385322 0.0634765625
0 0.36496559633027525 0.025634765625 0.006307339449541285 0.03173828125
0 0.3543577981651376 0.032958984375 0.009174311926605505 0.03173828125
0 0.3434633027522936 0.04150390625 0.005733944954128441 0.0341796875
0 0.21875 0.035400390625 0.007454128440366973 0.04150390625
0 0.21330275229357798 0.035400390625 0.006880733944954129 0.03662109375
0 0.1809059633027523 0.013427734375 0.006307339449541285 0.02685546875